OVERLAPS 0
(1, 0) (0, 7893.0, 8957.0, 8358.0)
(1, 1) (1, 200.0, 2700.0, 797.8)
(1, 2) (0, 6660.0, 8760.0, 8552.2)
(1, 3) (0, 2960.0, 3860.0, 3028.2)
(1, 4) (-1, 8210.0, 9140.0, 8552.2)
(2, 0) (0, 9690.0, 10440.0, 10065.0)
(2, 1) (1, 2310.0, 3310.0, 3111.0)
(2, 2) (1, 200.0, 1800.0, 1770.0)
(3, 0) (-1, 12580.0, 13580.0, 12619.0)
(3, 1) (0, 5520.0, 6020.0, 5641.0)
(3, 2) (0, 200.0, 1400.0, 1219.0)
(3, 3) (0, 452.0, 12548.0, 476.0)
(3, 4) (0, 467.6, 13312.4, 506.6)
(3, 5) (0, 452.0, 12548.0, 476.0)
(3, 6) (0, 467.6, 13312.4, 1219.0)
(3, 7) (-1, 4120.0, 13066.0, 4144.0)
(3, 8) (-1, -1138.0, 13312.4, 2439.0)
(4, 0) (0, 12000.0, 12560.0, 12280.0)
(4, 1) (-1, 11600.0, 12800.0, 12090.0)
(4, 2) (-1, 12000.0, 12800.0, 12090.0)
(5, 0) (0, 2720.0, 4860.0, 4709.8)
(5, 1) (-1, 11600.0, 12800.0, 11630.0)
(5, 2) (-1, 7990.0, 9190.0, 8020.0)
(6, 0) (0, 12000.0, 12800.0, 12400.0)
(7, 0) (0, 4240.0, 5140.0, 4589.0)
(7, 1) (1, 2960.0, 4660.0, 4317.8)
(7, 2) (1, 200.0, 2290.0, 1307.8)
(8, 0) (1, 3470.0, 4100.0, 3554.0)
(8, 1) (-1, 7810.0, 10710.0, 8926.0)
(8, 2) (-1, 7810.0, 10710.0, 8973.5)
(8, 3) (1, 200.0, 1200.0, 376.5)
(9, 0) (1, 4240.0, 5140.0, 5019.0)
(9, 1) (1, 4920.0, 6820.0, 6781.0)
(10, 0) (0, 4920.0, 6820.0, 5870.0)
(10, 1) (1, 4240.0, 5140.0, 4982.0)
(10, 2) (1, 2370.0, 3130.0, 3118.0)
(11, 0) (0, 1220.0, 2100.0, 1650.0)
(11, 1) (-1, 6630.0, 8130.0, 6688.5)
(11, 2) (-1, 9250.0, 10950.0, 9308.5)
(11, 3) (-1, 5850.0, 7050.0, 5908.5)
(11, 4) (-1, 12580.0, 13580.0, 12717.5)
(12, 0) (0, 200.0, 1000.0, 683.0)
(13, 0) (0, 3880.0, 4560.0, 3958.0)
(13, 1) (1, 6690.0, 7390.0, 7342.0)
(13, 2) (1, 1170.0, 3130.0, 2924.0)
(13, 3) (1, 2310.0, 3610.0, 3057.0)
(13, 4) (1, 5520.0, 6020.0, 5984.0)
(14, 0) (1, 3995.0, 4220.0, 4107.5)
(14, 1) (0, 2660.0, 3860.0, 2747.8)
(14, 2) (1, 200.0, 2700.0, 2232.2)
(14, 3) (0, 7810.0, 10710.0, 8132.8)
(14, 4) (-1, 10680.0, 13580.0, 12192.2)
(14, 5) (0, 8090.0, 9690.0, 8177.8)
(15, 0) (0, 2660.0, 3860.0, 2708.8)
(15, 1) (0, 7466.0, 7914.0, 7812.0)
(15, 2) (0, 200.0, 2700.0, 2511.8)
(16, 0) (0, 9460.0, 10560.0, 10010.0)
(16, 1) (0, 6660.0, 7720.0, 7657.0)
(16, 2) (0, 2960.0, 4560.0, 3760.0)
(17, 0) (0, 9220.0, 9300.0, 9256.0)
(17, 1) (1, 200.0, 2700.0, 925.5)
(17, 2) (-1, 11280.0, 13580.0, 11712.5)
(17, 3) (1, 200.0, 2700.0, 925.5)
(17, 4) (0, 7740.0, 10440.0, 9117.0)
(17, 5) (0, 2660.0, 4160.0, 2895.0)
(17, 6) (0, 9180.0, 11980.0, 11712.5)
(18, 0) (0, 200.0, 1200.0, 836.8)
(19, 0) (0, 4680.0, 5830.0, 5331.0)
(19, 1) (1, 9750.0, 10250.0, 10238.0)
(19, 2) (1, 2310.0, 3610.0, 3444.0)
(19, 3) (1, 7990.0, 9090.0, 8909.0)
(19, 4) (1, 7120.0, 7720.0, 7708.0)
(20, 0) (0, 7760.0, 9160.0, 8462.0)
(20, 1) (1, 200.0, 2300.0, 219.5)
(20, 2) (1, 200.0, 2700.0, 219.5)
(21, 0) (1, 2320.0, 2640.0, 2599.5)
(21, 1) (1, 4370.0, 5270.0, 5216.0)
(21, 2) (1, 3840.0, 5140.0, 5086.0)
(21, 3) (1, 5470.0, 6370.0, 6316.0)
(22, 0) (0, 7740.0, 10440.0, 8440.0)
(22, 1) (0, 7810.0, 10710.0, 9169.5)
(22, 2) (1, 5540.0, 6840.0, 6816.0)
(22, 3) (-1, 2960.0, 4560.0, 2999.0)
(22, 4) (0, 10680.0, 13580.0, 11303.5)
(22, 5) (0, 7490.0, 9090.0, 8425.0)
(22, 6) (0, 452.0, 12548.0, 476.0)
(22, 7) (1, 467.6, 14918.0, 9585.0)
(22, 8) (-1, 3330.0, 12987.0, 3354.0)
(22, 9) (0, 452.0, 12548.0, 525.0)
(22, 10) (1, -252.2, 7720.0, 7594.0)
(22, 11) (0, 467.6, 13312.4, 7594.0)
(22, 12) (1, -23.0, 9310.0, 9195.0)
(22, 13) (1, -23.0, 9310.0, 9117.0)
(22, 14) (0, 467.6, 13312.4, 906.0)
(22, 15) (-1, 6040.0, 13258.0, 6064.0)
(23, 0) (1, 7810.0, 8070.0, 8002.5)
(23, 1) (1, 3050.0, 3950.0, 3140.0)
(23, 2) (1, 2310.0, 2810.0, 2720.0)
(23, 3) (1, 2370.0, 3670.0, 2918.0)
(24, 0) (0, 6040.0, 6540.0, 6443.0)
(24, 1) (-1, 7810.0, 10710.0, 9485.0)
(24, 2) (-1, 11280.0, 13580.0, 12776.0)
(25, 0) (0, 7810.0, 9690.0, 8403.0)
(25, 1) (1, 3050.0, 3310.0, 3226.0)
(25, 2) (1, 3840.0, 4220.0, 4157.0)
(26, 0) (0, 3050.0, 3130.0, 3090.0)
(26, 1) (-1, 9690.0, 12290.0, 10306.2)
(26, 2) (-1, 4890.0, 6490.0, 4958.2)
(26, 3) (-1, 8090.0, 9690.0, 8121.5)
(26, 4) (-1, 11580.0, 13580.0, 11722.2)
(27, 0) (0, 4012.0, 6588.0, 4102.0)
(27, 1) (-1, 11380.0, 13580.0, 11957.2)
(27, 2) (0, 10680.0, 13580.0, 10846.8)
(27, 3) (0, 4900.0, 7200.0, 5703.2)
(27, 4) (1, 2660.0, 4860.0, 4220.2)
(28, 0) (-1, 9340.0, 11140.0, 9479.0)
(28, 1) (1, 9250.0, 10950.0, 10842.8)
(29, 0) (0, 7270.0, 7670.0, 7470.0)
(29, 1) (1, 2310.0, 3610.0, 3293.0)
(29, 2) (0, 4240.0, 5140.0, 4276.0)
(29, 3) (0, 6930.0, 8730.0, 7526.0)
(29, 4) (-1, 7490.0, 9090.0, 7526.0)
(30, 0) (-1, 2370.0, 2810.0, 2454.0)
(30, 1) (-1, 8260.0, 9560.0, 8396.5)
(31, 0) (0, 5340.0, 5450.0, 5395.0)
(31, 1) (1, 2660.0, 4160.0, 3771.8)
(31, 2) (-1, 7810.0, 10710.0, 8152.2)
(31, 3) (0, 7740.0, 9140.0, 8728.8)
(31, 4) (0, 2660.0, 4860.0, 3768.2)
(32, 0) (0, 6595.0, 6875.0, 6735.0)
(32, 1) (-1, 4920.0, 6820.0, 5066.2)
(32, 2) (0, 4900.0, 7200.0, 5066.2)
(32, 3) (0, 200.0, 2700.0, 1386.8)
(32, 4) (1, 200.0, 1200.0, 660.2)
(33, 0) (0, 5340.0, 6380.0, 5424.0)
(33, 1) (-1, 9690.0, 12290.0, 10100.5)
(33, 2) (-1, 8210.0, 10710.0, 8346.5)
(34, 0) (0, 8750.0, 9160.0, 8879.0)
(34, 1) (-1, 4900.0, 7200.0, 4968.2)
(34, 2) (-1, 4870.0, 7470.0, 4968.2)
(35, 0) (0, 8210.0, 8760.0, 8485.0)
(36, 0) (0, 3880.0, 4360.0, 4120.0)
(36, 1) (1, 4140.0, 4940.0, 4934.0)
(36, 2) (1, 2310.0, 3610.0, 3323.0)
(36, 3) (1, 6690.0, 7390.0, 7287.0)
(36, 4) (1, 4370.0, 5270.0, 5155.0)
(37, 0) (0, 3100.0, 4220.0, 3660.0)
(37, 1) (1, 4140.0, 4940.0, 4915.0)
(37, 2) (-1, 11600.0, 12800.0, 11673.0)
(37, 3) (0, 9750.0, 10250.0, 10107.0)
(37, 4) (0, 5540.0, 6840.0, 5552.0)
(38, 0) (0, 5850.0, 6640.0, 6255.0)
(38, 1) (-1, 11300.0, 12800.0, 11366.0)
(38, 2) (-1, 9460.0, 10560.0, 9526.0)
(38, 3) (-1, 6690.0, 7390.0, 6756.0)
(38, 4) (-1, 3630.0, 3950.0, 3679.5)
(39, 0) (0, 4418.0, 4722.0, 4570.0)
(39, 1) (-1, 7120.0, 7720.0, 7156.0)
(39, 2) (1, 200.0, 1800.0, 1764.0)
(40, 0) (2, 7760.0, 9090.0, 9006.0)
(40, 1) (-1, 4580.0, 5960.0, 5174.0)
(40, 2) (-1, 4870.0, 7470.0, 5174.0)
(40, 3) (-1, 7740.0, 9140.0, 7927.5)
(40, 4) (-1, 8210.0, 9140.0, 8346.5)
(41, 0) (0, 10680.0, 10710.0, 10689.8)
(41, 1) (0, 4970.0, 5500.0, 5145.0)
(41, 2) (0, 3330.0, 3670.0, 3463.0)
(42, 0) (0, 4970.0, 5140.0, 5054.0)
(42, 1) (-1, 11380.0, 13580.0, 12241.0)
(42, 2) (-1, 12580.0, 13580.0, 12913.5)
(43, 0) (0, 9340.0, 9440.0, 9376.0)
(43, 1) (0, 11380.0, 13580.0, 12437.0)
(43, 2) (1, 200.0, 2700.0, 1043.5)
(43, 3) (1, 8210.0, 10710.0, 10283.0)
(43, 4) (1, 200.0, 2700.0, 1043.5)
(44, 0) (0, 10930.0, 11730.0, 11330.0)
(44, 1) (-1, 2960.0, 4660.0, 3086.8)
(44, 2) (1, 200.0, 1200.0, 1073.2)
(45, 0) (0, 8780.0, 9230.0, 9005.0)
(45, 1) (-1, 7990.0, 9090.0, 8056.0)
(45, 2) (-1, 1820.0, 2200.0, 1886.0)
(45, 3) (-1, 5520.0, 6020.0, 5569.5)
(45, 4) (-1, 11300.0, 12800.0, 11366.0)
(46, 0) (0, 4220.0, 4860.0, 4540.0)
(46, 1) (-1, 8260.0, 9560.0, 8759.2)
(46, 2) (0, 8210.0, 10710.0, 8513.2)
(46, 3) (0, 2660.0, 4860.0, 2865.8)
(46, 4) (1, 200.0, 1200.0, 1186.5)
(47, 0) (0, 4609.0, 4841.0, 4790.2)
(47, 1) (1, 200.0, 1800.0, 1709.0)
(47, 2) (0, 4370.0, 5270.0, 4638.0)
(47, 3) (-1, 7760.0, 9160.0, 7778.0)
(47, 4) (0, 7490.0, 8730.0, 7778.0)
(48, 0) (0, 2310.0, 3310.0, 2869.5)
(48, 1) (1, 4890.0, 6490.0, 6363.2)
(48, 2) (1, 2660.0, 4760.0, 4239.8)
(48, 3) (1, 7810.0, 10660.0, 10533.2)
(48, 4) (1, 9250.0, 10660.0, 10533.2)
(49, 0) (0, 3716.0, 3924.0, 3820.0)
(49, 1) (1, 2660.0, 4860.0, 3102.2)
(49, 2) (-1, 11280.0, 13580.0, 11309.2)
(50, 0) (0, 2370.0, 2810.0, 2433.0)
(50, 1) (1, 2660.0, 3660.0, 3523.5)
(50, 2) (1, 4890.0, 6490.0, 5712.5)
(51, 0) (0, 3202.0, 3618.0, 3220.0)
(51, 1) (1, 200.0, 2100.0, 2086.5)
(51, 2) (0, 4890.0, 6490.0, 5242.8)
(51, 3) (-1, 4900.0, 7200.0, 5242.8)
(51, 4) (0, 200.0, 2290.0, 1130.2)
(52, 0) (0, 2660.0, 4760.0, 2738.0)
(53, 0) (0, 1548.0, 2572.0, 2036.2)
(53, 1) (-1, 9460.0, 10560.0, 9659.0)
(53, 2) (1, 3400.0, 4100.0, 4050.5)
(54, 0) (0, 9330.0, 10630.0, 9980.0)
(54, 1) (-1, 10460.0, 10710.0, 10523.0)
(54, 2) (-1, 12580.0, 13580.0, 12716.5)
(55, 0) (0, 9340.0, 10630.0, 10107.0)
(56, 0) (0, 8780.0, 9140.0, 8960.0)
(56, 1) (-1, 11300.0, 12800.0, 11493.0)
(56, 2) (-1, 7990.0, 9090.0, 8183.0)
(57, 0) (1, 4700.0, 4940.0, 4904.0)
(57, 1) (-1, 11580.0, 13580.0, 11732.0)
(57, 2) (-1, 11380.0, 13580.0, 11732.0)
(57, 3) (-1, 4920.0, 6820.0, 4998.0)
(58, 0) (0, 11380.0, 12290.0, 11516.5)
(59, 0) (0, 7034.0, 7866.0, 7629.0)
(59, 1) (1, 200.0, 2700.0, 621.2)
(59, 2) (-1, 10680.0, 13580.0, 11156.2)
(59, 3) (0, 2660.0, 4160.0, 3204.8)
(59, 4) (1, 200.0, 2700.0, 621.2)
(60, 0) (0, 200.0, 2700.0, 2610.2)
(60, 1) (0, 7466.0, 7914.0, 7751.0)
(60, 2) (0, 2660.0, 3860.0, 3596.8)
(61, 0) (0, 11580.0, 13580.0, 12540.0)
(61, 1) (0, 10680.0, 13580.0, 12540.0)
(61, 2) (-1, 10970.0, 14523.2, 11009.0)
(61, 3) (0, 7990.0, 9090.0, 8268.0)
(61, 4) (0, 4870.0, 7470.0, 7265.0)
(61, 5) (1, -13.0, 9410.0, 8812.0)
(61, 6) (-1, 2720.0, 13698.2, 2759.0)
(61, 7) (0, 7990.0, 9190.0, 9166.0)
(61, 8) (-1, -1060.0, 12548.0, 9195.0)
(61, 9) (-1, 3330.0, 12987.0, 3403.0)
(61, 10) (0, 467.6, 13312.4, 2360.0)
(61, 11) (1, -459.0, 4950.0, 4878.0)
(61, 12) (1, 452.0, 14060.0, 6665.0)
(61, 13) (0, 467.6, 13312.4, 1298.0)
(61, 14) (-1, 4700.0, 13124.0, 4724.0)
(61, 15) (-1, -1138.0, 13312.4, 7265.0)
(61, 16) (0, 452.0, 12548.0, 574.0)
(61, 17) (0, 467.6, 13312.4, 2360.0)
(62, 0) (1, 5162.0, 7790.0, 7712.0)
(62, 1) (0, 5520.0, 6020.0, 5568.0)
(62, 2) (-1, 9750.0, 10250.0, 9786.0)
(62, 3) (1, 4240.0, 5140.0, 5092.0)
(63, 0) (0, 6760.0, 7320.0, 6900.0)
(63, 1) (-1, 7740.0, 9140.0, 7762.5)
(63, 2) (1, 2660.0, 3660.0, 3611.2)
(64, 0) (0, 5588.0, 5972.0, 5780.0)
(64, 1) (1, 200.0, 1400.0, 1110.8)
(64, 2) (0, 200.0, 2100.0, 1171.2)
(64, 3) (-1, 11280.0, 13580.0, 11722.2)
(64, 4) (0, 8260.0, 9560.0, 8910.0)
(65, 0) (0, 5670.0, 6710.0, 5742.0)
(65, 1) (1, 200.0, 1400.0, 924.5)
(65, 2) (0, 2960.0, 5960.0, 3430.0)
(65, 3) (-1, 7740.0, 9140.0, 7840.0)
(65, 4) (0, 5850.0, 7050.0, 6480.2)
(66, 0) (0, 200.0, 1400.0, 953.8)
(67, 0) (0, 3400.0, 4100.0, 3711.0)
(67, 1) (-1, 1420.0, 2100.0, 1537.0)
(67, 2) (-1, 12580.0, 13580.0, 13168.0)
(68, 0) (0, 7305.0, 7985.0, 7344.0)
(68, 1) (0, 200.0, 2100.0, 1825.0)
(68, 2) (-1, 6930.0, 8730.0, 6954.0)
(68, 3) (1, 200.0, 1800.0, 1715.0)
(68, 4) (0, 3050.0, 3950.0, 3863.0)
(69, 0) (0, 8197.0, 9053.0, 8625.0)
(69, 1) (-1, 11600.0, 12800.0, 11740.0)
(69, 2) (0, 200.0, 2200.0, 946.0)
(69, 3) (0, 9430.0, 10630.0, 10149.0)
(69, 4) (1, 200.0, 1000.0, 946.0)
(70, 0) (0, 7810.0, 8070.0, 7927.0)
(70, 1) (1, 2310.0, 2810.0, 2756.0)
(70, 2) (1, 2370.0, 3610.0, 2756.0)
(71, 0) (0, 6630.0, 7470.0, 7050.0)
(71, 1) (0, 2310.0, 2810.0, 2581.0)
(71, 2) (0, 1220.0, 1800.0, 1571.0)
(72, 0) (0, 2360.0, 2760.0, 2560.0)
(72, 1) (1, 200.0, 1400.0, 1337.0)
(72, 2) (0, 4890.0, 6490.0, 5438.5)
(72, 3) (0, 200.0, 2300.0, 1791.5)
(72, 4) (-1, 9690.0, 10090.0, 9826.5)
(73, 0) (0, 8260.0, 9560.0, 8631.5)
(74, 0) (-2, 2360.0, 2612.0, 2409.5)
(74, 1) (-1, 7120.0, 7720.0, 7259.0)
(74, 2) (0, 6690.0, 7390.0, 7259.0)
(74, 3) (1, 1170.0, 3130.0, 3039.0)
(74, 4) (0, 4370.0, 5270.0, 4436.0)
(75, 0) (0, 2120.0, 2300.0, 2200.0)
(75, 1) (0, 5540.0, 6840.0, 5875.0)
(75, 2) (0, 6690.0, 7390.0, 7040.0)
(76, 0) (0, 240.0, 1200.0, 376.5)
(77, 0) (0, 4240.0, 4680.0, 4443.0)
(77, 1) (1, 2660.0, 4160.0, 3434.8)
(77, 2) (1, 2660.0, 4760.0, 3259.2)
(78, 0) (0, 2720.0, 2940.0, 2830.0)
(78, 1) (-1, 9750.0, 10250.0, 9762.0)
(78, 2) (-1, 7990.0, 9190.0, 8063.0)
(79, 0) (0, 7340.0, 8860.0, 7899.0)
(79, 1) (0, 7810.0, 10710.0, 9788.2)
(79, 2) (0, 2660.0, 4760.0, 4513.8)
(79, 3) (1, 2960.0, 4660.0, 4513.8)
(79, 4) (-1, 12580.0, 13580.0, 13000.2)
(80, 0) (0, 7150.0, 9050.0, 8100.0)
(80, 1) (1, 8090.0, 9690.0, 9667.5)
(80, 2) (1, 7740.0, 10440.0, 10391.2)
